<?xml version="1.0"?>
<opencv_storage>
<homography type_id="opencv-matrix">
  <rows>3</rows>
  <cols>3</cols>
  <dt>d</dt>
  <data>
    1.0215579836196982e+00 1.6934291767302517e-02 2.5329474256243114e+02
    5.1816052099960984e-03 1.0989964612203478e+00 2.4038628734971033e+02
    2.5676084186731933e-05 1.1361927592136486e-04 1.</data></homography>
</opencv_storage>
