<?xml version="1.0"?>
<opencv_storage>
<homography type_id="opencv-matrix">
  <rows>3</rows>
  <cols>3</cols>
  <dt>d</dt>
  <data>
    -1.1393634865698830e+00 -1.9222801204964373e+00
    3.9953013527389771e+02 -1.3466951385373709e+00
    -5.1228179144858741e+00 6.6008718108430764e+02
    -1.9113609757021486e-03 -8.0026878163769292e-03 1.</data></homography>
</opencv_storage>
