<?xml version="1.0"?>
<opencv_storage>
<homography type_id="opencv-matrix">
  <rows>3</rows>
  <cols>3</cols>
  <dt>d</dt>
  <data>
    -2.9063735366834331e+00 -5.9907260710054215e+00
    7.0086514203216268e+02 -3.8116893139502595e-01
    -1.0136647900246374e+00 9.9430808613825960e+01
    -4.1715287985056434e-03 -8.5329153740549314e-03
    9.9999999999999989e-01</data></homography>
</opencv_storage>
